# name: Shift - Griewank [-600.0, +600.0]
# type: vector
# rows: 1
# columns: 1000
+540.15514217661052498443 -322.63378371085462958945 +128.21110025014388611453 -16.82103754884030877292 +469.55875937868199798686 
+314.51619963287362224946 -52.23880179799039069621 -577.79562810213076318178 +385.68859715430392043345 -66.35596277616696170298 
+138.51881772011370230757 +350.32444491244245909911 +506.17556489376306672057 +285.84869497279839833936 -388.48062660645837240736 
-113.15254432548545082682 +522.56363892912645496835 +500.28532789608925668290 -107.67575161086557500312 +472.37943709624028088001 
-530.53043425887767625682 -176.55824133959958999185 +375.79979676450932402076 -588.16643920689170954574 -433.33094165166016864532 
-356.68173772767221407776 -361.53390880621242331472 +124.55097503258309643570 -273.37449003604757535868 -361.42287868672542572313 
-581.67128756515649001813 +296.14281187731512545724 -65.88428125446387184638 +518.17749415399771351076 -40.80678998949122160411 
-97.62063872699252442544 +415.46570138918934844696 +30.18299556620684143127 -356.82317081953522119875 +206.56496216914615615678 
+405.74213406286412464397 -576.43258336221902027319 +217.53259353856242341863 -144.62277836640231498677 +398.15522113152781003009 
+3.37546079550111244316 +251.36567124406417406135 -85.32916159080389206792 -234.45915975672681952346 -372.41550294339003812638 
-367.88261231374190174392 +218.66786830966020716005 -236.68271906806921833777 +50.00862467770514285803 -418.95242862028243280292 
+237.47817823183606833481 -145.95239938479471675237 +432.01392586418342034449 +424.38615679532108515559 +112.27549504761793741636 
-4.13706035627660639875 +479.72301020353188505396 +385.95499288241126123467 +173.89246103261325515632 +381.56920900709417310281 
+192.27306772992278638412 -189.63525807574109194320 -252.32892497251424401838 -190.56771670213981906272 +40.89482115192060973641 
+272.53586031561223990138 -228.85180825085069500346 +406.19525392569664745679 +81.68695320933090897597 -155.50373204146018224492 
+243.28789588845222624514 +55.88538219492750158679 -66.14375439250534327584 +233.48068851065704620851 +145.57215695449610848300 
+353.78529624111172324774 +548.21213813385247703991 +27.10841889684934358229 +456.17064889359266999236 -392.45263046971609810498 
+575.69627614660907966027 -274.26328962984018744464 -297.20478375121160752315 +450.89027978168928711966 +284.76718615830691305746 
-436.17750928834834667214 -585.89197517625848377065 +472.67755973430394078605 -361.03431935311402867228 -241.53238547734264329847 
+193.73109165878997828258 -258.70969230006647876507 -36.93085774679866517545 -522.26265244407295540441 +586.00192593315682643151 
+99.35001787347698609665 -91.80449177873913413350 +18.61410256891542758240 -199.25822403388968950821 -80.51208467192509488086 
-328.86015822666416852371 +95.76824789951876937266 +312.43801176521287743526 +35.78774005927925827564 +168.63179878780226772506 
-349.11671467389601275499 -144.21795557905062423742 +339.99437984125518141809 +217.01490167667566311138 -46.68584801196129774326 
+81.39445491460105586157 +353.05278164713763544569 -528.98088783471462193120 +123.44290280039081153518 -539.67743550375246286421 
-101.55016746813276995454 -234.00158759580978085069 +449.24060590515136937029 -581.98860158806053277658 +321.54046801336971839191 
+565.01392710674804220616 +588.09911113567522988888 +346.63403068050308775128 -73.60975947490555881814 -2.02643586182341550739 
-343.24400208460048133929 +172.19074546241995449236 -215.95730704020371604202 +552.11832044281254638918 +271.95811997027760753554 
-105.65615019762628890021 +293.47893972738643242337 -278.46329914875087752080 -72.09082852159008325543 +520.05612982750767514517 
+219.99878920618164102052 -344.92816279351609409787 +407.08588840343429637869 +154.54152002888849892770 -439.47270183188840064759 
-351.44072443037396169530 +128.63873344743649340671 +155.86541861076966597466 -155.42780873772443328562 +90.17733485696214756899 
-58.29020788502793948282 -547.32560958342719459324 -567.37785240399045960658 -224.77794230382562545856 -584.56491039240302143298 
-139.23925380683795083314 +219.73916136551974886970 -488.58904591089623181688 -557.59401123701331925986 +134.87457764762700662686 
+130.24843346878992633719 -581.08821849629919142899 -580.37407974000416288618 -371.91049310432913443947 +104.30216626160802206869 
-530.90269214605370962090 -158.91835340838696311039 +157.74139769333180538524 +261.16130575883676101512 +231.20327366134529256669 
-499.10512709946647191828 -54.77382029333705304452 -69.80604371238928251842 -176.09945399917131680922 -415.67236497180988408218 
+210.77357956009461759095 +239.05599328951495863294 +273.01095506151682457130 -25.93874285201127349865 +65.81038361001230896363 
-454.74346435630286578089 -59.09527082473607606516 +259.05953780756942705921 +471.40992977490373050387 -272.27703572982915147804 
-294.27684532526006933040 +438.72417329370227889740 -321.17955524696105840121 +365.84609293884727776458 +490.07705213822191581130 
-321.72681826520982895090 -312.82492263721786684982 -540.29461911450027855608 -505.93911027594594997936 +168.97849184402059563581 
-370.93611552292770738859 +412.64339864923022105359 -391.31970184585890137896 -395.04862350998428155435 +593.15458861670367696206 
-72.25097166434397877310 -191.94246137317145439738 -222.93922734716551303791 -161.90593568559637560611 -128.11253855225095321657 
+109.83024449573497349775 -456.30405965782983912504 -554.24544387915454990434 -49.68245440205191698624 +443.84082048840991774341 
+521.08382270114771017688 -282.66100062087105015962 -407.63959296338339299837 +447.42630842355538334232 -314.54363071732063872332 
+174.99749996998650658497 +560.26490509071709311684 +197.91745431041294978058 +444.45723108717288596381 -588.08723428398297983222 
-435.58812995085577313148 +382.50699181713309826591 -83.80074114372371241188 +468.38606852331326990679 +281.88985411913495227054 
+224.78830992492169116304 -184.66563871059094026350 -400.75831346733735927046 -413.26490841953540211762 -370.66042629606988612068 
-93.05816893495313024687 +427.17084873689714186185 -11.70001558075728098629 +379.12172276020328354207 -47.07620230381940018560 
-51.17474370300021746516 -59.17334204073483761022 -105.33712677595434570321 +481.93178971829365764279 -593.29927296295443284180 
-243.11318524888872616430 -541.00501308469711148064 +231.81654390730193426862 +180.12769189496543731366 +579.58533845571218989789 
+63.20789213235002534930 -119.91178099137107437855 -361.45377626659671932430 +150.24122744078647428978 +280.03536226972141776059 
-148.93742198023579703658 -588.14824452145705890871 -96.17063242773724596191 +304.40355097630470027070 +352.64612967878235849639 
+503.94864803504583505855 +413.66580228980967604002 -158.69654103805862632726 +144.96159818537262253813 +277.53271735961368449352 
-367.32818401839813304832 +485.77480099962826898263 +83.04689960609653098800 +158.14791506610720261961 -318.70445351009533396791 
+58.53855064630579363438 +517.90002309562873961113 -197.76308375232645175856 +186.63726601441737784626 -129.71495173319596005967 
+152.77774570079600380268 +238.89616529440502290527 -123.37925544886252282595 -103.64532559418364598969 +186.25553562680465802259 
+405.10211859822845781309 -154.07036130880555901967 -89.69620982081841020772 +113.59604574308139035566 +78.88628650285750154580 
+259.85087670005918880634 +13.57373780267710117187 +331.68145432019014151592 -12.78542892180178114359 -376.91465852973220762578 
+240.76248617534065488144 +579.25056228751373055275 +367.96529914649113379710 +244.28118600431605500489 -18.04353681051793500956 
-462.46461459523186476872 +197.82668056824718405551 -161.55132997305446451719 -431.94665215832253579720 +80.12736036372757553181 
+387.60997714880011244531 +208.73835851443186584220 +599.33676593928157672053 +553.96368857828429099754 -529.36540145329229289928 
