# name: Shift - Rosenbrock
# type: vector
# rows: 1
# columns: 100
-21.9848096933 +11.5549969306 -36.0106809304 +69.3727323489 -37.6088707475
-48.5362921496 +53.7647669050 +13.7185686446 +69.8285874672 -18.6278112375
+29.3066086819 -70.2169182901 -51.7402846026 +71.7375855695 -57.0977884905
+74.8683920846  +7.5589061493 +60.3877140997 +15.7233118670 +31.6623835086
-49.3407676952 +55.0378827054 -52.6641467367 -26.0523829917 +54.0478892766
-77.4714215714 +64.6050851074 -17.7121249640 -11.5742792287 -42.5913862285
+14.0998687635 -20.8491536390 +12.8297508915 -13.0334293431 -34.2287844488
-60.9004862475 +36.6990600765 -75.8215854363 +30.9630336003 -33.2840367340
 -3.8685615462 +15.0451994839  +8.8286354913 -22.5566017141 +17.8916098834
-24.6699215287 +47.6839852884  -4.9744941398 +47.2729351385  +2.5724408973
+17.4308438966 +15.8155093520 -47.2724842309  -5.4257724298 -76.8794035807
 +6.6984085027 -74.6495082249 -55.1751375785 +57.3544741472 +78.8203495040
+58.5947592973 +19.4318008751 -36.2226820014 -26.6099599405 +73.9704195895
-19.2617700283 +76.1431008790 -50.9893806553 +17.3740369037 +77.2024282602
+19.4788475872 +20.7376405230 -54.7508967857 +14.1774235209 -51.7766741365
-36.8392271373 -28.8614361720 +21.8053816466 +17.9126514679 -14.4083248127
-79.9025898200 +26.4197282798 +67.0325646408 +10.5216797638 +78.8859046200
-12.1338729847 -24.5018708124 -67.2237938079  +1.7755914473 -14.2738265694
+52.3610929796 +25.9181406907 +26.2981829078  -4.3449847098 +11.1980839501
-79.7722827900 -52.9453886097 +34.9219840149 +36.3477581290 +21.5621453577
