# name: Shift - Sphere [-100.0, +100.0]
# type: vector
# rows: 1
# columns: 1000
-75.42752833631760722710 -35.73170156618567716578 -57.59564404992896413660 +38.90984566694638147055 +52.24768179547371005356 
-30.36102768668751394898 +50.69081434743921477093 +49.79866080539159156615 -71.15514747331728528934 -30.78367518052391460515 
-43.00095076744385380607 -20.08811847975013620271 +71.52725626720589957586 +48.01996280584526743951 -46.02767978209127619493 
-8.16344127119782569935 -40.97564427609482606840 -13.82735774057519506641 +35.81657199519561629586 +57.13778772823900453659 
+58.58538382414337775117 -17.41231583039382257994 +27.28778525609867244839 -62.56236356236095730310 -28.81691945519519038044 
-86.52863533939515150450 +48.29261815940543556280 -7.58193513558434517563 -82.15963827903034655264 -72.07887190439488733773 
+82.24637543803993366964 +19.58463976668605255327 -45.58574317044939760990 +77.31349810898396412995 -12.61296216649972734558 
-81.18446185521837321630 +72.87815788145226747474 +86.08218102836468688110 +28.40065181524502690991 +40.85306632671921533984 
-2.04659282612315962524 +33.44086955332473110047 -24.67059350738992407059 -17.82064980833192180398 +2.58348734627709575307 
-81.80819521719691067574 +88.44454517960159023460 -34.27036386010883006747 -43.83513046650737265963 +19.81859943695488368576 
-9.54309784383558223908 -14.68097436094271301954 -15.86845749872176725148 +38.53019002322918140635 -71.49995986612853471343 
-21.56900603789443948699 +45.44109104389457343132 -63.14931692986427691494 +28.95883419613183207275 -47.35024058770330412926 
+40.97029901103317683919 -43.46420471378949912378 -5.48808497136167261488 +64.35260996276818445949 +60.01432009545510481985 
-4.32413237268772832067 -28.77578103451707391969 +7.59854706408303570697 +11.07048490503399307272 +76.53919026683303172831 
-40.60931350662088590298 -36.78450251671741710879 +20.25823569717468330964 +70.31500798054759115985 +38.60079731065457053774 
-53.72994156381800223699 -70.52958215448038004070 +42.84576275877751072585 +47.16411577649043351812 -39.78419283943499351608 
+62.13929772948620211537 +22.38955521423275740744 +21.90072345024468347674 +81.88082587974605530690 -36.82563113992598147206 
+23.72765132107693375474 +5.63297534374048325390 +66.80984139646716357674 +15.20214485644626734029 +18.47374813624628586695 
-2.13281709629421811769 +79.67687957507050100503 -27.62526013945900871249 -54.05573650890518422329 -72.34202638267480267587 
+27.38077737473483352915 +19.07410378865328937081 +55.99390643347041418565 -6.88383580429191965777 -73.13042581186947188598 
-71.51486745560808344635 +67.41796228587588757364 -79.06392596251242821381 +62.50279392114856591434 -8.26048123249489663067 
-45.32741587642972547201 +87.94455445227092127425 +11.57722895390855910591 -50.30438027962135549842 +67.95149392268055521527 
+40.96145642526502683722 +63.55518084017873547964 -58.01790985174584847073 +7.25442084872908310444 -5.00683510309036705621 
+41.83101133170498542313 +86.50749829841984706036 +30.02807286277736409374 +32.96436527329737486980 +67.57083460164784582958 
+1.38477000310489017920 -5.77927129249788151810 -45.92791472106736705427 +11.88517998335491654416 +46.93037289035345338561 
-27.86958409337125175398 -9.44152328233548132630 +2.84194196075296190429 -61.67810160437775834907 +86.55809760472249081431 
-36.22430979001926942829 -62.17159078179375342188 +78.43288363892068559835 +31.29507840036721688648 -12.97619194279143073345 
+59.90557594549420628027 -59.16182696620013814481 -10.68442462170746409811 +45.43947895002204973025 +20.78925239592848583925 
-44.24956741530799320117 -26.92659083082067894566 +20.34227115265302643365 -29.20959220642732390161 +24.47857216193635565560 
+2.98879524976874222375 +3.51640029541997023443 +22.76085811184788099126 +80.85396986013194009502 -49.77293220069159929153 
+89.03572314129661435800 +67.93294552756282200789 +22.67034503725155047960 -51.86190513768801224614 +74.79739631637326624514 
-65.83477800582161876264 +84.25171019185646059668 +21.58309376962311887382 +25.33874684866633231195 -87.55750267250756735393 
+52.11593272253082886891 +71.91997153975768242162 -89.60792480571066676021 +2.94052746123320218885 +22.39687920913721086436 
-42.26593514068981249920 -18.18329530419802608776 +85.97309664957035124644 -35.33266465422649815764 +12.01592232082397515569 
-51.09798464484854463308 -65.62708563602014066873 +86.15161957137240733573 -51.42041967360964349609 -65.55827621747363309623 
-80.52064934370122273322 -42.36502809583981132846 +46.31780002780780591820 -11.57535010229422312023 +1.19846509261235212307 
-0.94974664489080851126 -73.04236347003610774209 +84.81781582522316398354 -13.51798484854887760775 -41.36572393959735904900 
+78.34504246716304010079 -50.26515746545659624189 -55.86851579746234364166 -39.49281608589765824036 +31.33072489945242011800 
+17.67695946716769128670 -20.00756222372949366672 +78.45174264479450698673 +58.84946228432363568572 -80.77042594321798674173 
+58.98637815060297384662 -20.19473744892347610858 -9.76774877148076825506 -88.34912261269298028310 -39.56654880979549915310 
-37.43687743296909786750 -12.62017841841367271627 +36.24055747237207469880 -88.13564134319371135007 -47.34060070202942682727 
-17.73434416676656155687 -74.21554273912845189898 +69.03826883854074480951 -11.42777084032159962135 -34.41777228304941615988 
+58.36623383246720209172 +33.74883559030189417172 +5.47451494488488776824 -58.03403688406032756575 +71.46244469789161257722 
+55.79432578003346065998 -19.95680436549201886010 -3.78037144573303862671 +19.33208950981156704074 +27.34280600690087226212 
+47.25425526288827882126 -9.41234321289610420536 +25.73685016143532777733 -39.49501196312525053145 -10.20843614430314971742 
-45.32327897516213965901 -62.70861300546066274819 -52.82516259692544480231 +74.54882516509928791493 +14.86936545047723257085 
+34.79466805460489808866 +64.16838425594409045516 -2.43444038991846412046 -28.30817271630741771560 -14.64385905011079103133 
-68.63181284172512164332 +3.34181926312365362719 +84.88508186669707811234 -30.76688856424215146035 -28.94946154294387952177 
+54.33761297790306343813 -61.25403500644524967811 -61.33620466980887897535 -60.54039369718189789182 +74.58288299985207459031 
+49.50330406317357301305 -12.62042764203488331987 -43.35183320974586962393 +22.02971949253279149161 +87.34488175834962930821 
+24.64722652315604989326 -48.04852852829141340862 +51.20967548121311097020 -89.38710957863163741877 +53.53373034438024546944 
-52.62218965862494712837 -54.08457328630304061790 +85.96429195986721083500 +22.15287822559072594686 -80.06115456550045905715 
-64.38629150721364169385 -16.58843774271510085327 +50.06722260021538772889 -60.70187297460562803053 -85.28297441802170908431 
+63.24349134040477338203 -44.47313118559591060830 -18.87197883469011117086 +33.71183519892696267561 +66.77810085636048142987 
+32.57699916883299806614 -64.94404949752633626758 +13.85808145656508827415 +33.19435617609616429036 -33.08448306737446387160 
+2.13027566416653257875 -9.70177198031788634580 +3.63260494958190349735 -24.11426435467805617918 +27.41546355751155772396 
+66.88070391504268741301 +66.23504012771593352227 +5.36481695922853418779 +82.67666694545681593809 +16.38284418263246777769 
-85.80365269851225207276 -57.19845455488768237728 -5.85588451437563151103 +20.41524345908945292649 -64.86215995439182790960 
-51.88106032799935718458 +88.21278763071529738227 -30.59263936165443453774 -13.34946356978551307293 -63.67383233134786735263 
+8.23206385970217979775 -73.44396696915597999578 -11.70792418444445104342 -74.93801619613886089155 +9.88422499711448665494 
-86.79148857982214337881 +25.93879267523958276342 -19.39258503487376117391 -31.20486338267510006972 -42.33261540328292227287 
+1.85009247387320385769 -8.00825332305390702459 +55.86733261099846004072 -5.88205861911782790230 +3.33109241128522626241 
-53.44474538767681792706 +14.51624606760969982133 +17.58586687783083846170 +28.18216950681029686621 +14.66680426030629291745 
