# name: Shift - Rastrigin [-5.0, +5.0]
# type: vector
# rows: 1
# columns: 1000
+3.84659435985590647533 +4.32362205743831395921 -2.82162936954134657697 +0.64653817598325247218 +4.33820186507238858553 
+2.44086997163238272890 -3.45931024094417693959 +2.33705875868148194030 +3.97998055845581788503 +4.29001432377431868304 
+2.37393205013967900641 +3.22497677779046476587 -0.02357444132856745256 +4.62738596973685289981 +4.61343548806945058516 
+0.99472289660911883402 +1.61013771594735377590 -4.72534651890507184646 -2.69746520854975191384 +1.03554783612756029498 
-3.20479347565686278898 +3.80570384213743295732 -2.67825376696940953281 -3.22904694383140533631 +4.41155071547800226028 
+0.71588795412156880360 -4.42193783023913411512 +1.49159450028917994757 +0.73886515440924060982 +2.17939203431947703393 
-3.27775808051280392874 +2.78361458030800434926 +3.59618722428571935268 -4.71920145963546122658 +0.51737211903540103464 
-3.60436016313426499380 -3.20398391316968567111 +0.46834593997223894490 -2.03018571769825939555 -0.39847622798595860871 
-3.77110777709327882334 +4.96803420032206410895 +4.32145012226136771005 +3.35468721097956823485 -4.86572422704170026719 
+4.83206725560307859269 +0.21250489640939651537 -4.27497782384513858034 +3.68403046219052221488 +4.78742874105958193809 
-4.08430713301539238813 +3.42023681137689905540 -2.35468324182235955178 +1.24216769847776120628 +0.48673780445719039278 
-2.25401845871946893141 -3.34869931635213280430 +2.67696967257104034843 -0.52956976681378797878 -3.83108806452909567142 
+3.02184177001129583573 -3.09146211527791869855 +4.19477292777768973053 -1.34881226134492493429 +3.46887851258654755782 
+3.06580510670824324393 +0.26927432711349119643 -1.12314391029412341538 +2.34127028872317488606 +0.28629115533644355907 
+2.42005490213420060286 +3.49876055752973158519 +1.38995774976960895231 +0.11681844620488135433 -4.67812330654757158044 
-2.17060403488057662713 +4.15902718307393826080 +3.48530827699488021665 +3.24522547271993389018 -4.37165924178428255686 
+4.69947407052000976080 +3.86886805426119728679 +2.64071860684072312608 +1.85826681439607366286 +4.70938100649540736242 
-0.13341202353625902788 -4.24859539535957342338 -0.45585467139328095243 +1.14761344547568988617 +1.14068904332716236638 
+4.21912724335195576941 +0.75180418620409383834 -0.37611153830536903087 -1.27392864603717992367 -0.45903032937348964282 
-2.23822070531122996329 -4.85371159484915715154 +4.58196911633225312244 +1.17987248535943578531 +2.25731722185323580021 
-0.74687226990934441062 -4.32996373387903155106 -2.96893944676675847205 -0.93821254682555910165 -3.76538979628983661030 
-1.71287739867569044350 -1.51746149243441852406 -4.93855084648486730714 +0.32859060545807849962 +0.35387435981415560349 
+1.53559437199688630926 +2.60413811032178532656 +3.42795223773113200139 +2.22916381687181175408 -3.71913189028108437384 
-0.22131587997362878184 +4.38097087844250054900 -0.56322569059145433101 -2.55842175460648801888 -3.82576797137672786064 
-1.94916916321552147195 -0.74888196870716150499 -2.84791686245635444763 +0.38554863319186782888 -3.78648333457011521119 
-0.90420601682842249858 +1.28684102391585586389 +3.71425952445820506398 +0.47305470527811888104 -4.56220127266064867655 
-4.21045147614207593278 -1.17246189280217905093 +3.70743639115060652500 -1.77569501263565943106 +2.71998368251837163712 
+1.31043779631161427801 +2.94006004474756821310 +4.60748301682731309370 -4.78040111702889092271 -3.88054742242878081271 
-3.16423797581683485802 +4.25616461387242672743 +1.68222267359678312459 -0.13810535504022869446 +3.36761600846266517806 
-0.55093220488030780757 -0.02204628160280908133 -0.02655998260656655674 -1.69475374274010492925 +3.72195059427849272993 
+2.22329543699955145541 +3.90542964189744168380 -2.05518762543488975325 -0.48407041617786106258 +0.87681728419933691043 
-3.51409861019323921383 +2.89971771960807522817 +3.95767066130325062545 -4.89211058279228971912 -1.07864127649285457267 
+0.48440541941322301511 -1.67248405360006513476 -3.17537268258418414746 -2.30943139579173362108 +1.18631620979269136740 
-3.64351633360777249493 +0.06025187690761946158 -4.56830093364986122850 +2.34381005248501050886 -1.82865540072475685207 
-1.00758043824160559154 -1.60036918152803320226 +2.16578693023990709321 +0.91980784262414516661 +3.48612670091810983308 
-4.78607068680704372809 +1.27625784200531455781 +3.51605118895363766285 +1.62042986335280758681 +4.69734019764048760237 
+4.25837088518724726782 +1.95177257879044674382 -2.42143981614357128862 -0.00750108561007412078 -3.90520528356937512982 
-0.33199366381132211501 +3.87190546230943155592 +1.66043988850848300842 +3.81326123805721906024 +4.89439319155589380728 
+3.52166329499369723521 -0.45727792938793587751 -3.16292174575285356397 -0.42268982793566323153 -1.58827898773343800798 
+3.59818657549848452959 +1.64418838827934088442 +4.51803427839436544389 +4.61474947355094400336 +2.20988508015913609484 
-2.57100316818393714868 +2.31496349285293057108 -2.49207945467588620758 +2.17648971322415007990 -1.64492420692119800663 
-4.67714933619784289931 -3.29956980295154078675 -2.22847982100926156335 -4.08906437158794666686 +2.54297744986986451465 
+2.58942130003474790811 +3.82610841866989837001 +1.71198754741557745973 +0.04742946930741709366 -1.63773207577869417406 
-4.28129265309231321623 +0.96227004853813635776 +3.21840858439873045427 +4.63582554032944926803 -3.39642515770465003300 
+1.89598974536023412440 +0.39358005338605650536 -2.58470820925039390659 +2.49670609988593739104 -2.95196042093257338124 
-2.04348332823653144885 +1.14619111412126351013 -0.82386354631573688323 -1.44133030415175555916 +3.19420810471803484631 
+3.66533495688334731710 +0.43536656872110501837 +2.76679223172648036666 +0.79880766583938633829 -3.22982798521234792943 
-2.80992376343860517096 -0.56208411944273262151 +4.03176276816847334317 +1.94137650026374686263 -1.73053797428780598011 
+3.84449293042062301140 +1.02068808592065352059 +3.62301871361504623792 -1.63468027331510779021 +2.54459609679157061635 
-2.01882006256177159997 -3.97577107241811722460 +2.93656480559825361354 -0.10277800310991214161 -3.22215355542912140763 
+0.55881447589876653836 -3.33129817323933341555 +2.80120908727222595047 +1.05322393149736015516 -2.27571380486834007328 
-3.97360835742390783309 +0.51143755251028899522 +4.99318151917456276578 +1.36343786525209686999 +0.91355587117620729032 
+4.86149637945286627883 +1.63848845594704428663 -3.01003826250214601146 -4.27265858591698322044 -4.27507691848955229119 
-2.92628348322306441887 -0.80800426001205938320 +0.23936558708710720111 +2.17759630565334738606 +3.42434796997301482691 
+1.72854677628255348765 -4.49566518846878082627 -2.11022042980450574845 -4.03002054646941498817 -1.99784576434443694737 
+1.54848478280930379469 -1.27619147404443555871 +1.25506287683774164776 +3.58541212795461738949 +4.45625498033470535120 
+1.12731106916754786340 +1.41322928604926190133 +0.54175586406694709041 -2.77323347897030814124 -1.02957479610847002505 
+1.58566838962480449737 +2.10954915707857182383 +2.98041416079261800576 -4.67184750563062411999 +0.13630176621454559438 
-1.23846972480408012984 +3.18736795964296781847 -0.84624884974890690614 -3.62608305187763857447 +1.33196927580770996258 
+3.17125467719547771139 -0.38034211835480036257 +0.04785613992957493679 -4.21707947552753292797 +1.58427686329916106445 
+4.80737575425865415468 +4.05904342482433833084 -3.25147144629672979477 -3.24452913351239713435 -0.84973078571786686553 
-1.80219732193950266108 +4.34400124493396333492 +1.05085923170020834050 -1.05506182946125814937 +2.50854415357914195539 
+4.89923941870485002426 -4.74147576936355452659 -3.01049974776724216241 +4.74125991836961091508 -4.71399389737207386020 
-1.45248128514012719847 -1.07537758772457747725 +3.98770595871029875923 +0.58257005044346588107 +2.92569548152805403163 
+3.81127593803623732072 -0.95567785418438777612 +0.27457521427282216564 -2.61279946211591873606 +0.21291974050568907018 
