# name: M2_D50
# type: vector
# rows: 1
# columns: 2500
-0.09594371581577260111 -0.11991617918495624251 -0.08350195534735595226 -0.14537886596007629225 +0.03940487721675148269
+0.12119542384578328720 -0.10370803866249207748 +0.08058860312824638050 +0.02263514826503194854 +0.29630585982932977629
-0.08365807024492920296 -0.09763701263103972960 +0.14047532549412844460 -0.20600459407764035169 +0.01867174267080191907
+0.02739422117058528186 -0.08031953887063851549 +0.01845744804295987654 +0.03193175335558132155 +0.03921853139948925510
-0.12639559534159566789 -0.21614062029049430080 +0.11333146811286333444 -0.10444361635382393150 -0.18216353917950145469
-0.19241348635694469071 -0.01938922325944626365 +0.03282125304703152613 -0.01497274909480497337 -0.13970684005907335612
-0.08016498605975880265 +0.27848282977320681919 -0.08537647170235064531 +0.02204977264007045371 +0.21727078616914935472
-0.18903044118262479767 -0.02104952203821822132 -0.22888644000319041671 +0.17863319083295278733 -0.03812953738884380245
+0.34000452528806651697 +0.07046421137643726906 -0.15493730184888718227 -0.02214700878871567191 +0.06456130052332426095
+0.02461801852543157171 -0.22974262586700827660 +0.15643331157617179628 -0.14390384470258135718 -0.22543085535834528343
+0.06240722125011216592 -0.15397584151198251412 -0.24667161496942316412 -0.38068832580055950165 -0.18221727820263239339
-0.01243843357988415332 +0.04074351004550494371 -0.23618537359396624131 +0.00726604551375049142 +0.01507170935531597540
-0.21302087616218337573 -0.08900795111992049202 -0.12848044186396664901 -0.11904698625721482630 -0.06460966924356663366
+0.07386942347027226907 -0.01330583569844818320 +0.00690912576022541160 -0.22251178584730049725 -0.02353148042625650277
-0.01823248644463696180 +0.28433858588624255637 +0.28693903451647001512 +0.16369587710923713675 -0.04804209219010551618
+0.01306115270131118569 +0.06561194602367922957 +0.09950204014618838078 -0.01610527672326587598 -0.10553046684147437961
-0.25450627263176961446 +0.05374198567514665292 +0.01823796540755765611 +0.10060611460181922983 -0.04731147503686949224
-0.09309096321936301266 +0.03080398856709389011 -0.05625964896931540810 -0.28314609463659012878 +0.03110619719221277557
-0.23907761793523810145 -0.01047955148971579931 -0.04557899831163510218 +0.01763348313970410780 +0.13158896973517358875
-0.08815877372295499725 -0.16147092069653953827 -0.06862661331522222630 -0.03433578675402011032 +0.14924395530361303508
-0.00707789554133488735 -0.21793559503017162493 +0.11749506437548130899 +0.00124571478568183056 -0.02538597799297321461
+0.02671038834820933794 +0.01216573523416364898 +0.11245598617953304899 +0.33763074992351310710 -0.18688465739065945881
-0.07987939502966417971 -0.06912265768256035947 +0.20753014635048205871 +0.08134957965563485716 -0.00644114104269571074
-0.10778251863241825048 -0.24994023437529461207 -0.24947208181512312009 -0.07425028506802787420 -0.08145559494848830795
-0.16254110766673510180 -0.11481682185104007121 -0.00096602332880475240 +0.06305149033488263721 +0.22193027518867966541
-0.16616882846966829490 +0.00340805659464074595 -0.26010931018465305309 +0.02536641636673196351 -0.11485306559845649688
-0.04118376901787536293 -0.13698117183108693418 +0.09329869456949951845 -0.01823323878115741536 -0.06567111143842335741
+0.03567541639339097403 -0.04575384819910788964 -0.01698934686253339085 -0.27392268053264157146 +0.13171076680811819037
-0.01146776845025966260 -0.04968701017397555986 +0.08356809333224878011 +0.20529334345214242386 +0.19393294152678597353
+0.23487206527200094053 -0.06721989965585045690 +0.25946303756680966224 +0.07341918720897554207 -0.11264623573307022686
+0.13659167791258605695 +0.18339651181791397083 -0.12025279506309710653 -0.17967249234881726982 +0.11677194871248364194
+0.00628361487701956795 -0.22402026205654676505 -0.02921225254790783821 -0.28359128689637230769 +0.02045899719396917713
+0.10150053596897395947 +0.18755856607863208296 -0.02658646813200988071 +0.02568516147348080120 +0.11867742956933088894
-0.07972190521115203599 -0.00028158775726098290 +0.00143327796838107688 -0.06652210901453840808 -0.08265681518906842218
-0.15407625384009504543 -0.23029588342599699446 +0.09836515203814392982 -0.10340760924593236925 +0.01357001997482860239
+0.35472628276172724071 +0.15461901496118005128 -0.03842849900622700987 -0.17846431561448311554 -0.04537718963986887843
-0.01949932251090587959 -0.00461860001443589741 +0.28182038932735214987 +0.13283842146841848275 +0.15223165445450353994
-0.10780300523995051121 -0.04827810145870870678 +0.07229304831224975247 -0.15473616682983562520 +0.03356837312281035768
+0.06506902509165800319 +0.02881744116072074147 +0.27004025218809596387 +0.03448411270817918622 +0.04002785717104339475
+0.26490347609877379353 -0.10063547157362368045 -0.09587181614408762931 +0.20101933497680529728 -0.13725315412321231756
-0.14456870976174934773 -0.25612270273085613326 -0.07219817635679920409 +0.08275625494692212536 -0.02371219465044170638
-0.09765013435077404824 +0.04162472830864905049 +0.00866635967879835628 -0.11606552362678367041 -0.04187967349909221121
-0.07420558275155304806 -0.07781345271643104466 +0.06878045206360738906 +0.15407299682418434950 +0.15002046109052241674
+0.45895164657688708454 +0.13273157853063871636 -0.14861631004352623964 -0.09742296292585958528 +0.03231341591358362353
+0.11155238100931276490 -0.02925345425567259933 -0.01464152831125691348 -0.10052622819910879415 -0.27379437539838974436
+0.11929130922667241510 +0.15153923733589635958 -0.19809527057768677727 +0.06962981908319604285 +0.08831889586919702828
+0.14429686910263925248 -0.14636497625494987451 -0.02584076533471189874 +0.11051976169347035861 +0.11178842449876580378
+0.08181153231716112306 +0.09655896821510047412 -0.03692976839641488873 -0.24278368107857536962 +0.11334490229217969448
-0.02002862188720225256 +0.17393317721262832598 -0.26491110180537719154 -0.15674767456472257776 -0.15952815366190814528
+0.13485987472181834579 +0.01217923974027427907 +0.00241891712287538307 +0.04718282465518339186 -0.18712260284539963817
-0.10012452275969595250 +0.22721994479284526869 +0.06712067981427710661 +0.00206921113204927565 +0.12187798446307823719
+0.00573395940501140143 -0.02184010737794557511 +0.27444239075689014218 -0.01097894477173678822 +0.14803984361992278407
-0.20029940866034412483 +0.04479621946490798534 -0.08182745686374270910 -0.17775125709292236009 -0.08288851897109547617
+0.13613643991646759424 -0.18617163476466985772 +0.08473049495628454109 +0.03209688159638628135 +0.25805046550950372364
-0.14495137404124053271 +0.11607683926160651533 +0.13642223717449697418 -0.24279763138118221066 -0.03739815173820676408
-0.07708536266160551098 +0.25235051416749088027 -0.08865260257570992120 -0.03061230767890953455 +0.26092298132605845629
-0.05444059562319669004 -0.20559764170378888593 -0.01944314295017767272 -0.02012395690456886266 +0.14104350563668446861
+0.08014542332563964755 -0.10113255838685446253 -0.11110417030612287914 +0.12352377125882244013 +0.18611566856553493632
-0.31211717899423141453 +0.00182939161619481705 -0.02695315276427440523 +0.30355315042905578471 +0.05387529644871346529
-0.00721957232482686034 +0.02540248841608736680 -0.02421176394738213875 +0.06276219835281413029 +0.05169190386403311327
+0.05757028886930437572 -0.02918738578266584158 +0.07078054054143177731 -0.08368514016617015217 +0.00854849415060972978
-0.29255349867815882980 -0.01029693008978567297 +0.17870790198033412177 -0.22066726370351086306 -0.03930971643369571278
+0.01245230072215502276 -0.12080324149108181975 -0.05343284729956670337 +0.05355296658098324114 +0.01933183646436953743
-0.23561595854912470438 +0.10265804277006176926 -0.11021027208636596795 -0.15638062784137851668 +0.19402459051139026025
-0.12136530570088763237 +0.30382638679167445206 +0.02143898777100267453 -0.05887650534559391718 +0.05165516172115577898
-0.00336763585399990021 +0.03816697351833223811 -0.46589306095864846391 +0.05255328458339054987 -0.01729744739578665397
