# name: M_D10
# type: vector
# rows: 1
# columns: 100
+0.31911842062536982523 -0.03502679603407764242 +0.22869946075488337134 -0.51509331368533506357 -0.17008045728342707781 
-0.57237450740736250943 +0.11845882795972437207 -0.20491829853532228523 -0.04397461472620416145 -0.40597325479415657945 
+0.12233915929669358924 -0.15022109881926648534 +0.26882942116798386190 -0.30054326848530288352 -0.11108437105237510545 
+0.19173291603598249799 +0.66801035526790719654 +0.19307785478280514724 -0.01165513392352054978 +0.51683387482975995386 
-0.11075664391258926988 +0.67449929550623544117 -0.40948119762886348028 -0.28258063556377999159 -0.04404511748550073852 
+0.03769201064901465253 +0.15192993555436584696 -0.45754307044819397809 +0.00881773176425469651 +0.22223910618150977125 
+0.22748291664969005899 -0.01296840705201355443 -0.48917380393104509251 -0.03695790500075391005 -0.38525653777806750933 
+0.15793048439861379073 +0.06990625846694575873 +0.35046134230980141577 -0.60494550985888950745 -0.20097935398612143398 
-0.25070477463827334219 -0.26197545428930169020 -0.46915789188729672965 +0.14390092083207878249 -0.29169885467596035067 
-0.20821350998471599425 +0.38664165267949196503 +0.06518035926097520694 +0.55758523931022618836 -0.18605574785759948497 
-0.24904830387808321590 -0.58868362051936728996 -0.19172599350000063545 -0.27051815821793651073 -0.18254381003164027453 
-0.06869407053202367108 -0.33049303334483676187 -0.38458616134186968116 -0.19933962012677192144 +0.38285512157200557448 
-0.28555942595205202617 +0.13164314049088476910 +0.27976621949385493959 -0.36024983448930419927 -0.51934114733364122873 
+0.46512328246664025322 -0.26729951455885808675 +0.12814791890673715713 +0.25747833714015500028 -0.22990412803128101871 
-0.26753711953072012442 -0.05505502016351630779 +0.29669679916581859214 +0.40528764177341675135 -0.21828460126961848897 
+0.15623249086528098739 +0.37382416626237163770 -0.51450089009649002669 -0.34780274814931949612 -0.27500288735400085782 
+0.73533135953795336626 -0.11968080782430885745 -0.06856409306954684701 +0.19650634094010480113 -0.22074693743882634056 
+0.33010031395363703677 -0.10399902597756989497 -0.36998649810218586786 +0.30606279771136785106 +0.05072325940281512818 
-0.02169345740414931750 -0.26688059998130519990 -0.20148024750259119209 -0.36958708423281733113 +0.56909336582768998980 
+0.45986625139942061136 +0.17616280310329335279 -0.13558230198635232155 +0.01788026041456290682 -0.40747442934150834848 



