# name: M_D2
# type: vector
# rows: 1
# columns: 4
-0.64985711895798781157 -0.76005639589416240653 +0.76005639589416240653 -0.64985711895798781157 


