# name: M_D20
# type: vector
# rows: 1
# columns: 400
-0.30809142081485396680 +0.01001213383503816133 +0.44102809975642509599 -0.08554175184521725650 -0.07444298188516641768 
-0.01234691309271465989 -0.06878907836209179061 +0.31286971079456865619 -0.33104145636050824608 +0.06731072415277808418 
-0.33978776980228075910 -0.03191855553496967396 +0.06258480931335454189 -0.17326230560600969222 -0.42205896164994971542 
+0.07385734220909231929 -0.01674099739456633845 -0.38078047653279356588 -0.02867792834176226616 -0.02504283269269398995 
-0.09491645484277647093 +0.30734909979757368825 +0.17315481341710481367 -0.25957247974038738514 +0.46824939392592146437 
-0.37956596612756560161 -0.08569265755535704354 +0.14398562750323831705 -0.16271141346621242896 -0.27114539060985148877 
+0.43457221695753422974 +0.05914285954814767210 +0.21372376633950115887 +0.19453246511092284199 +0.09471459232981291332 
+0.00102702948959355542 +0.00544173743093621931 -0.04495436517904989604 -0.11734646078345260800 -0.08429100114033027946 
-0.06657920850623845477 +0.15000627533483401610 -0.28584435162415633425 +0.20856199295082572531 -0.16103800345641849923 
+0.11618492387724735360 +0.34971699078807177985 +0.07792050143158418818 -0.39744774901445789617 +0.00522476341447282271 
+0.04781750348492824765 +0.27648745519099571233 +0.37057796998791359133 -0.28997903920818191015 +0.08978947883571755662 
-0.01866071323766621895 +0.04705514578421311073 +0.11921827151833297442 -0.40419932695977761616 -0.18357589785739861221 
+0.07898750588085992619 +0.43627218120214134034 +0.05946919332623493148 -0.12991338704674962323 +0.09993483326245905518 
+0.18213288327216758944 +0.20930403982120063255 +0.08642446153969907119 -0.36416517796191694156 +0.23065269043291936057 
-0.08948158747217958842 -0.28670803723775739602 -0.13568567916964563436 +0.04735456941181969553 -0.00586312501869526784 
-0.22901879684620435329 -0.24698318732012161658 +0.41529505889760892634 +0.31839254976011610587 +0.06760047074940253586 
-0.17613895477796742695 -0.07831677554888161197 -0.16319105754564952604 +0.39373660538330618186 -0.18702440481574500453 
-0.42854372533808432477 -0.09811493148840670642 -0.06780012635680525424 -0.04980700380172499442 +0.04151089319062017946 
+0.04875703708892570321 -0.40391140770341510402 +0.41138099252566062702 +0.08430766351036853012 -0.04872902292515653155 
-0.33698137329952165819 -0.16647920937497462379 -0.08095481241813015649 +0.15156791182536691331 +0.17055788715465314276 
-0.33273652080088045313 -0.05367651776301479716 +0.22953644989951008104 +0.16699459497778529338 -0.03923595664453963239 
+0.23753039410058604530 -0.22276414523078402752 +0.29091858591034625015 +0.11879737961713417171 +0.33565777366135501891 
+0.26638636878194038582 -0.03016385179306287773 +0.20420255365867912012 -0.05211198875928498009 +0.34758166083466535135 
+0.38543954931921958762 -0.06170809707958230944 +0.22807817145913636403 +0.05507698938389577609 +0.20569612676210216606 
-0.46282383925462378116 -0.18877325857833371359 +0.20260705045815788350 +0.16138969459198260203 +0.16148101920174420809 
+0.18459820786044334184 +0.16389847044269600929 -0.08059238888325120920 +0.08201882970328873423 -0.28302786709664567999 
+0.17241843653937946601 +0.00250181435700903149 -0.15043474378365709332 -0.11806910092976319326 -0.21172960118773651028 
-0.38831691744256346954 +0.35542190300481785181 +0.32484820314370144168 +0.01118512507774841944 +0.09391077627389304849 
+0.15350904890919722656 -0.17191402254026741381 +0.12585892510691973345 -0.01651695404443101825 +0.13295164161269010239 
+0.07933813783389563612 -0.13011648078175497290 +0.13069902452552450978 +0.02365013768592891946 -0.22590119604547390098 
-0.35981653207600178268 -0.06584982966655825165 +0.39378544165571127689 -0.10926652859320969136 +0.30514680676326305653 
-0.08848217775721944900 +0.21913156429978608575 +0.14113178441936777285 +0.37064309605097123246 -0.46273781729678370445 
-0.08309409636772062402 +0.15645934108862899481 +0.00541925767822423049 -0.12938748715628778374 +0.10729642257175012188 
+0.28978234357546511779 -0.46784141147456448362 -0.29068246503364281175 +0.07550642449502788234 +0.03647708456941112926 
-0.32739740929325589214 -0.00575400480704367674 +0.27484286522494572047 +0.24112536439762838336 -0.08285864208557687516 
-0.18553130945382481642 -0.07793057305165998483 +0.17902199367282989328 -0.46554477276410216602 +0.09440194729797199424 
-0.06846257522390687689 -0.13651398381618587430 +0.08646361068780515635 -0.06879303445253547034 -0.21002265550919724246 
-0.03992574303262300117 -0.42119000051221305858 -0.44217137441761833472 -0.42931825285788849378 +0.00402802237738515007 
+0.28165742002597227156 -0.13397111965391242383 -0.23908659934978790385 -0.25956593678526579394 +0.07913624299433780207 
+0.06062077616399320912 -0.06318924259962860335 +0.08420509177701983317 +0.00610754450789494779 -0.34444697339186625129 
-0.30212034516282043617 -0.06021618185632992420 +0.18841350064353148963 -0.17331662175298884199 -0.02450536815471422714 
-0.04453310321741033029 +0.19692426365402324051 -0.19585309972145314994 +0.02410703317371868520 +0.19228474905138565054 
-0.12869873856602667694 +0.29630994665621640527 -0.08553934591964132417 +0.02303028677915998357 +0.55610924853374310572 
-0.40393423467767525237 -0.21607549788227561893 -0.29999107913661993141 +0.02792710215559225315 +0.01375667988849751250 
+0.15957639941413861995 +0.50860458420327225859 +0.03403375701393873687 +0.26566414838041696456 -0.16767252362530901677 
+0.13097317087187340667 -0.35490475637639418149 +0.05118519373534533706 +0.05388539553018318468 +0.10378649260427391665 
+0.17043772242976754083 +0.31938874367033637247 -0.03788899569466360612 -0.07019101430803993680 -0.02962210157174817796 
-0.28537109258599208106 +0.34212701264958261804 -0.24113518684045079365 +0.24632165980265113836 +0.03153224887794640885 
+0.22236988760489218020 -0.16599003446926666183 +0.02757075091510343551 +0.09136132825819311132 +0.33296376806197358622 
+0.11346877722454121185 -0.12471569382963056116 +0.11314531278903276756 +0.19871786157144766261 +0.04350737550616964877 
+0.18141121992251552086 +0.17258089528683881464 +0.07144503799172707836 -0.46328605635886915826 -0.22081314426609183199 
-0.24279103689828832047 -0.57143233356773082132 -0.01859713834953537898 +0.00241559016273425534 -0.05821709376900691124 
-0.02905330182559837104 -0.10323732702056011290 -0.03998129412968094015 -0.30035037469837022606 -0.19939882657268834243 
-0.40721051256961549036 -0.12296722721051443761 -0.03186846173480411409 -0.04294006612659168054 +0.06213486448536042345 
-0.12353738707803559038 +0.52857620384453740670 +0.13166678185454414041 -0.09603276799357433891 -0.17698195283611800610 
+0.03188237553511849565 +0.01202273504800922821 +0.43640258014036376055 +0.24090513488215056781 +0.25901510295341678702 
+0.29295034984979567705 -0.26034226357232798099 +0.00466288869347534531 -0.19905352333818698840 +0.30832640857019644187 
-0.03293470470535528327 +0.02694062692596744385 -0.08981587641673212385 -0.19144864885939244514 +0.45960131502967765948 
+0.07617164616871781313 -0.17376350559270162255 +0.13990894749735702240 -0.22818600124354290748 +0.04766443213006073265 
-0.12478512708838729317 +0.45688976009696369296 -0.11984011222956242326 -0.10600372023023971191 +0.30675768654217583364 
+0.04892390927929368694 +0.23126476477104804252 +0.41772585898615366418 +0.09985626313985718205 -0.00399667762664181712 
-0.13608030079337624096 +0.32240812186269507400 -0.47703824178933007527 +0.31428226559888261527 +0.28698892944360943069 
+0.04979873311750095816 -0.01055252795012503846 +0.25021844940541204672 -0.04332143466158273198 -0.21501284971911602262 
+0.19082509503671277185 +0.03134860235928818573 +0.06733621929294092423 +0.02643992344181905069 -0.26932619642367250368 
+0.21926860445108070641 +0.19431433284452645505 +0.29418341329371228143 -0.01766801348314545744 -0.16957672987555105770 
