# name: M_D30
# type: vector
# rows: 1
# columns: 900
+0.02543870563251952530 +0.02728709415018554588 -0.04703823894079046941 -0.24751069101728392918 -0.17056487722548360764 
-0.08040125953200712161 +0.03947857349219065920 -0.12656493542008043218 -0.04246630847398640690 -0.11278891424563085299 
+0.12405398709437007176 +0.10908225188801483341 -0.05837365690448543393 +0.17230983220281900770 -0.02959680808582585559 
+0.38093077998003299633 +0.38227239354952352590 +0.04252887205610448446 -0.10006848013323017821 -0.40959486081868934360 
+0.00789841697170928780 -0.15047233496776254991 +0.23640482553159053447 +0.20734603245839841601 +0.23388742032467543797 
+0.20847497516901461467 +0.17399503313177935859 -0.18180985662622642374 +0.13073611608462107347 +0.18764883655918082606 
+0.00507169722965037512 +0.12483927088887827872 -0.13948869540864658467 -0.05737643223586220281 +0.32112395322131198627 
-0.37708904103525631157 +0.03463614283342213856 -0.32731280707738008573 -0.01523998356671844856 -0.05011817731372999324 
+0.09000901519808462981 +0.08944838436383720226 -0.23440159494502413318 +0.16342785648493785011 -0.01674960973808738152 
-0.24369238661326747541 +0.02044772974797082546 -0.03404076751512091076 -0.11830503316649559897 -0.34377781168073429097 
+0.14530206032634282454 +0.17586199995526463624 -0.01320923409223626055 +0.03752793998207602788 -0.38985730492926723434 
-0.19585787435653773114 -0.04647905168593562120 -0.10685142809467759739 +0.05011790577341428826 -0.23239344547385093476 
-0.09634577023080190261 +0.45812859957860496696 -0.08347031294477680330 +0.10235049976622076495 -0.00934304602583370392 
+0.11448464366255212132 +0.03183847515933325295 -0.16271576654078562241 +0.21928391309860617575 +0.10234583926485454897 
+0.03879802056033964525 +0.05209516206349262823 +0.25960425372569978508 +0.11743372466160929835 -0.04517270279847418468 
-0.18195431727667543687 -0.02215904397387932767 -0.16364679953756064434 -0.00272332735879459581 +0.14740636506752247126 
+0.10390522727913585610 -0.45152613128072427440 +0.10798293246644431742 +0.29110242761503052344 +0.09072943333092124696 
+0.03969197817427112113 +0.00010488188597677917 -0.22454536084680870589 -0.24770059979799835537 -0.24886221247044298943 
-0.33353394352954585100 +0.03607869587953463353 +0.47655459327745702813 +0.09909472388059847869 +0.09640547922527419045 
+0.08697768807668875002 +0.17201947905512940395 -0.10146887449707850393 +0.16873823973435886359 +0.00300902991685779095 
+0.09616220479864844017 +0.23262064879888505464 -0.38867620569799954389 -0.05536030126571983567 -0.04245857839100100617 
+0.30856767744416785382 -0.08057715786979695316 +0.02046632701132990867 +0.01924727987302533860 +0.00947792794158999231 
+0.26086017852098242198 -0.06895581132938109759 -0.34860519541703205437 -0.03605851954843476009 +0.00119703112420306828 
+0.07662872951689415901 -0.07437941433132905233 -0.09036715510539979068 -0.15815646818528383832 +0.05661964497586095824 
+0.12872487917389410783 +0.12051246029747146593 +0.34105878602944567080 +0.24290067238220053314 +0.21063881215282337367 
-0.33205724516279022662 +0.21753578121803560097 +0.10024236456489110658 -0.17378734728155117994 -0.03695798154336210617 
-0.25674313849963970036 -0.12803301610868281224 -0.01247567240849278662 -0.09343612675818330215 -0.02419085755923797154 
-0.06703884926288575241 -0.01350647671714340532 +0.04684827032799607910 +0.07806344937298299869 +0.05617290845519508358 
-0.03918893026717676364 -0.09663341144351195178 +0.23847639041324575349 +0.07877609287500837720 -0.02630597473217875099 
-0.17354794496855130426 +0.42071933633690050680 -0.16449441424389979471 -0.14620223118535238815 +0.33453680499417903782 
-0.09526521111295355171 -0.08133441010638524371 +0.01211323205596643963 +0.13392603260059438020 +0.18372272890742968876 
+0.25977463781011933541 -0.02770368020519896335 -0.24652625869113262147 -0.09874184624062537496 +0.11757730316088904621 
-0.05804518023031510210 +0.14514893871838482897 +0.11838063922941799433 +0.04526673501745667738 -0.12272315926156722454 
-0.00630442592606718800 +0.26389171801447575127 -0.21760085565123502005 -0.49071111551776047666 +0.08702979886938953802 
-0.27520065019781608795 -0.07857165906679224043 -0.17660614059599397119 -0.32945661897844913391 +0.00994866989444508076 
-0.13858173950094149207 +0.32150061245011979372 -0.04212703350616087139 +0.11255795040743636626 +0.01264092144695754850 
+0.15036170309686364144 -0.03838777015131125681 +0.17923631939152234738 -0.14036883632399657640 +0.05377248794043701374 
+0.20373921318548166015 +0.15482437847095728567 -0.02763182046956541224 +0.09745094311582302993 +0.07509619000211406603 
+0.09767805021868813942 -0.04490378374824250535 -0.30115465800962304410 -0.00528627741766148768 -0.42617355097094267169 
-0.09943593675205758542 -0.32207253317974871010 -0.14679226791828303700 -0.20269895397334689036 +0.08179169668750752020 
-0.12451072757453356121 +0.19969452487162628329 +0.37660768454476600819 +0.19023317296746630745 +0.05676905404264109140 
+0.24635869141710670105 +0.14452207298464897489 +0.13478093830695125899 +0.09261818947046905615 -0.16739835581509737716 
-0.01166623969235534332 -0.07782386432642192375 -0.05951577096508766512 -0.10072654713559339723 -0.12487008254308135102 
-0.19196367609670766941 +0.35045248886244395603 +0.03821543841253407375 -0.35199359726964968287 -0.02695218187370500285 
-0.06742428975164242722 +0.36255347556913958273 +0.01497366479970197936 +0.28554447089296214335 -0.00784888097747246313 
-0.08920515669996177677 -0.26782089738559805570 -0.06240979045314794249 -0.09173728708453915415 +0.02188259635879762424 
-0.13225217458113608382 -0.16971392875850160875 -0.24847275656501879859 +0.23773394147971713131 +0.25731453337537973924 
-0.19309609774592639830 -0.08593702782638019955 +0.30376872940532362311 -0.00002291255504744197 +0.02790628730428058868 
-0.02157602629937881850 -0.24872320487437277192 -0.02740302355853271865 +0.11921768492978979115 -0.25153985930070166255 
-0.01887546873128553154 +0.00473868060599982269 -0.27747511280629100217 -0.07739893714320547624 +0.08349636379331240588 
+0.16215669929960693785 -0.08374792302806823019 -0.18817667416922900792 -0.33216622394433598098 -0.13584832022499865323 
-0.10986026445632945947 +0.33280424181400003469 -0.20019273869928566612 -0.01313311523572049076 +0.15252709300914613078 
+0.22894135172777724252 -0.15105996828592341275 +0.19437418472330839081 +0.19274100710970790140 -0.04394110503345016044 
-0.32041380771618149792 -0.18951341107654370854 +0.24845692749290715362 -0.06971717328979598616 +0.16728829683530066497 
-0.01023539601478039990 +0.02674947722262076971 -0.04717115778465766351 +0.08337499514499752129 -0.32395405001433558168 
+0.06831601964541988981 +0.15513176665530140075 -0.36597858522883464083 -0.00328850906748900940 +0.16438925758541667044 
-0.54317504305850050628 -0.14809564999280314113 -0.08789876732001811188 +0.02999674929179677041 -0.23162812153103631840 
-0.11732566018010530395 -0.05093160223622674593 +0.20957845164310359709 +0.00952476351604610028 -0.15836506901420430160 
-0.16305137460518254189 +0.08421722040818459265 -0.06516595895242860426 -0.08595740829658896076 +0.03016251899090776831 
+0.09963186575055933691 -0.30386637741392286127 -0.25283100317962231562 -0.04439754333470104924 +0.12754627408147836687 
+0.08535488588216338934 +0.23668615740676823833 +0.11472254029801201569 +0.06066686543638562940 -0.31886963087821984519 
-0.06295706925151546562 -0.01955288724532244782 +0.00357756995832174927 +0.32090219370397904397 +0.11700290434336541034 
-0.06786067480065621771 +0.21755155972122849906 -0.20659411518229436888 +0.42516752137385177557 +0.18008044700659509019 
-0.08603487441407169090 +0.14850835346214733002 +0.16556422191401809485 +0.01248383147985111449 +0.25037097216632336893 
+0.02999454508251120713 -0.01324284982973411226 +0.19919568942169538217 -0.23176402676457752428 -0.17504460262110774216 
