# name: M_D5
# type: vector
# rows: 1
# columns: 25
-0.02009997313078384917 -0.32880089796201317220 -0.94310133651887506634 +0.02173262459049519341 -0.03966765261816872223 
+0.49005042436373569270 +0.51355266966876811363 -0.18145345659471284749 -0.49800950627889672973 -0.46387003762118872441 
+0.56757852302959233004 -0.74260002295357696589 +0.25475155936120497113 -0.08213130859242352699 -0.23399982319827489219 
+0.65708280582652178747 +0.25938077544956950060 -0.11202186512685541331 +0.52098009840759873512 +0.46582683307322936272 
+0.07445387259072580588 -0.09705897285661607699 -0.01368418366865509217 -0.68800320485907862089 +0.71519263829070767180 



