# name: M_D50
# type: vector
# rows: 1
# columns: 2500
-0.01723577852311561354 -0.02080557739093933864 +0.03202790909418209292 +0.14239757455609453052 -0.11153745674176411551 
+0.09305204851901002772 +0.22819262226872252808 -0.15515983102206365452 -0.14041452150495117857 +0.21509852266648304964 
+0.20826501516155057625 +0.11269331609350799472 +0.01959993997195528387 +0.13943624269344578881 +0.01848096947885370309 
+0.23381441515010248366 -0.16380168768170891291 -0.05487357874706387528 +0.12364890665591013463 -0.04973677998475157375 
+0.05915393034997954574 +0.27215496643084907680 +0.01348095360141856464 +0.07957245286849685961 -0.05074991545999777559 
-0.10298598116987432716 -0.09809265917046813832 +0.13322840259975413102 -0.16870413015405072432 -0.27317210408059577897 
-0.17671654054471191975 -0.12710403198352768217 +0.19842980727734624291 -0.23738717203581377602 +0.06769186240194827175 
-0.03623136580476701146 -0.01411837625118750848 +0.08468526451641165964 -0.20364909208916173733 +0.00344847035204831620 
+0.05080775776029219232 -0.02184486179549731052 +0.11224659083330615350 -0.22016912545293815251 +0.03157536250699405356 
+0.15136054663602932502 -0.09196084418453540077 -0.00879799893507862175 -0.25974439933674109415 -0.21587059758201376791 
-0.12653974636019302280 -0.15839069208706191283 +0.20086527292190173299 +0.07290263389698994900 +0.15554638109254978473 
-0.14587544612479250161 +0.08194872958173976540 +0.23972915067118172328 -0.17669428306339640677 +0.02975283576790813816 
-0.00687186487164492127 -0.15411345718423893891 -0.00100323640484422175 +0.04745029640901961276 +0.01937579953624764262 
-0.04842768526618553698 -0.08246238440223097044 +0.09221720817475959064 +0.05070337126358091806 +0.00610540775973082966 
+0.21634132999998950675 -0.04542666679418203707 +0.09681573075003657713 -0.18098266455199088498 -0.17176840588537739540 
-0.05103056623612459153 +0.05776584532550164269 +0.24228819216682462301 -0.10102738412667315593 -0.01702395375486472767 
+0.15799515061079058564 -0.00680754611687034959 -0.09967947949289776566 -0.17116078701114081917 -0.10880268741036742963 
-0.13200775853816981709 -0.04244860755807165764 -0.25980757856052671961 +0.08802810494926803508 +0.00585091276373442444 
-0.14712355979569044506 -0.16671974633183178627 +0.00647201680891607706 +0.12753907692460314527 -0.02290159875362452607 
-0.34505830960681554975 -0.14589816866875437995 +0.25602422777497413353 -0.29391160347661182684 +0.00101689042741368767 
-0.07106526830514545146 +0.22049681975841894932 -0.09345639692088225647 +0.11679341953063353265 +0.13877445579907121687 
+0.01199808207592581791 +0.13768491175196315157 -0.14908702966403239443 +0.20749583370286803219 -0.15215026227343120269 
-0.27241507404286513516 +0.06261241903072450876 -0.03137897886806073622 +0.19088372543946549587 +0.10507404026797349805 
+0.04840126666764770630 -0.09111469568891063242 +0.07559316609115869501 -0.04781251375769287465 -0.12287162873950037423 
+0.08293510806863900464 +0.03733078816736545152 -0.00801407765228759165 +0.10809060200591670553 -0.06417369495860120177 
-0.01589078708105254312 +0.08425895709607011952 +0.02315310713264094947 -0.19331888798820059949 -0.17769781494326358784 
+0.06768002115763915860 +0.05760778308094601646 -0.31430711267896205285 -0.16556730756617507594 -0.06644327297882440808 
+0.16384575360024272728 -0.27388463110996519312 +0.18055638720816469256 +0.19825408663161317446 -0.18017914068646220804 
-0.03460269763301954127 -0.12529370611558005022 +0.23973824744085994731 +0.22162429429868835129 -0.10081099310586649764 
-0.01235523772863058277 +0.11829448870900061141 -0.14866611252064712567 +0.04994417488407688899 -0.13682124728623931698 
+0.22780943961553568045 -0.03549213727638247939 -0.01330277685105915944 -0.04730634320947130905 -0.25155122876226110318 
+0.03783994862168812978 -0.09830797143812804173 -0.09635362006168950166 +0.27605058949908350963 -0.08697924208924863454 
+0.16699718945822561444 -0.06773263861451547796 -0.16019468012054025041 -0.16412405457561435318 -0.05600637637886035636 
+0.05306769531901024683 -0.06428417733510061183 -0.13786374544364177197 +0.19409893698454375177 -0.08712830659925138721 
+0.00436684506313691871 +0.03315203330935376225 +0.09606401086002100409 -0.10157726357965898845 -0.00220669729398498618 
-0.10572523117966825534 +0.11997258824924081355 -0.04207846087935383783 +0.04457045491996428771 -0.06963752463663261394 
-0.22360140303658138095 +0.17674220466585213729 -0.03949614256590327360 +0.00246935334250799037 -0.09937963289241015519 
+0.06959535063255180287 +0.01178059913927100369 +0.15760756434880265897 +0.29838474471322967707 -0.21167346581096346814 
-0.30597244728427869243 +0.03700305385452904577 -0.08521948220637413918 -0.07967010789858108843 -0.09177097464391326120 
-0.05267675201613503805 -0.10527131657691569944 +0.39633438712320251396 -0.04413443147956279400 -0.12836039564365883670 
-0.13511485965879288518 +0.17456357313047882185 -0.02419740652149990692 +0.12229680053084188152 +0.22703796427729683316 
-0.14866011334579964931 -0.10576274607284964768 +0.11160042885613957742 +0.19136485098744859812 +0.04601280128255478413 
+0.15071630655121912024 +0.19069464776577521592 -0.21375640736640727502 -0.07248743062430106077 -0.30626623622088855470 
+0.20667276737682499510 +0.24217433596931214890 -0.08993491114525832553 -0.01630920013117426182 +0.35303504886454184497 
-0.08642172782265884756 +0.08662780862862246023 +0.09942495818773311456 +0.00027148002773986959 +0.04055898631851680841 
-0.18812159911065948203 -0.06338829976298834823 +0.05471761545454238707 +0.03179780788620190091 -0.00014631005211285242 
+0.09658197889555522608 +0.24773941833108090171 +0.12518429429676744546 +0.01326561730469282517 +0.22715787565076953070 
+0.09829190239588739275 +0.01778916641097310139 +0.07140552636590632996 +0.03171309590367690778 -0.04693599976735227108 
+0.13632873119948551999 -0.09264517772399537276 +0.18173796177022760734 +0.11240529964671336360 +0.13464328308912451582 
-0.09282897558969735452 +0.04945857391920285839 +0.07622599790969640521 -0.16296031747912745336 +0.02805147664141280361 
+0.20820775723460471784 -0.01535014853605130326 +0.26831506324952297815 -0.21616507497699069540 +0.07639521213138604494 
-0.16910384793265784142 -0.15630915514763840668 -0.25979196735000120722 -0.06897434896696394424 +0.17976691413258272245 
+0.15910038186656258463 +0.21622606462938401273 +0.14318749139997963282 -0.05647584494959488610 +0.00923663918438452115 
+0.01076074344370871877 +0.01840876018482372201 +0.00874870568192869479 -0.06279051990416635587 +0.15784942796147993782 
+0.05450222023897862561 -0.07228152559520314990 -0.08762377874122900812 +0.04295308896559472261 +0.26914545282749668953 
-0.02511376207659400672 -0.03370032762735686999 +0.23022436203456597692 +0.12852493683105628564 -0.04514054011726606475 
-0.04936083355768396130 -0.08295017698867768186 -0.13139345230172905232 -0.07155427513658341176 +0.05918601653869448587 
+0.00694974258623907125 -0.09636340515903207837 -0.01969579731243871132 +0.19905518406004876764 +0.24269449713843474492 
-0.04932412450727675229 +0.11457714506308687430 -0.02315830331376276391 +0.29796027666063756856 -0.18677210104724664697 
-0.00239193288339261019 -0.11770091253331717296 -0.12157527377608748353 +0.01352263673127937493 -0.27112995343460344344 
-0.26948629469506146794 -0.01608580196393322170 +0.03802944153386152160 -0.04781138303458780381 -0.15910887983606047946 
-0.24429340182167033624 +0.22857747641460107735 +0.03220741009109341635 +0.14050742203697669241 -0.07342664329845403903 
-0.00715496690274726975 +0.07358872974879650253 -0.12989070861350648922 -0.11861290559237945563 +0.06459650680959126701 
+0.00044607429410156458 -0.00463019468095853849 +0.06432187895141518175 -0.20085638304770350726 +0.16210201080973157817 
+0.07127147963015398324 -0.03199148153549434548 +0.08868357136125515350 +0.05416272190610833814 +0.13535913488659950810 
